0set()
0[-1, -1, -1, -1, -1, -1, -1, -1, -1, -1, -1, -1, -1, -1, -1, -1, -1, -1, -1, -1, -1, -1, -1, -1, -1]
halloc
1
1{1}
1[1, -1, -1, -1, -1, -1, -1, -1, -1, -1, -1, -1, -1, -1, -1, -1, -1, -1, -1, -1, -1, -1, -1, -1, -1]
halloc
2
2{1, 10}
2[1, 10, -1, -1, -1, -1, -1, -1, -1, -1, -1, -1, -1, -1, -1, -1, -1, -1, -1, -1, -1, -1, -1, -1, -1]
halloc
3
3{1, 10, 21}
3[1, 10, 21, -1, -1, -1, -1, -1, -1, -1, -1, -1, -1, -1, -1, -1, -1, -1, -1, -1, -1, -1, -1, -1, -1]
halloc
4
4{1, 10, 18, 21}
4[1, 10, 21, 18, -1, -1, -1, -1, -1, -1, -1, -1, -1, -1, -1, -1, -1, -1, -1, -1, -1, -1, -1, -1, -1]
halloc
5
5{1, 9, 10, 18, 21}
5[1, 10, 21, 18, 9, -1, -1, -1, -1, -1, -1, -1, -1, -1, -1, -1, -1, -1, -1, -1, -1, -1, -1, -1, -1]
halloc
6
6{1, 2, 9, 10, 18, 21}
6[1, 10, 21, 18, 9, 2, -1, -1, -1, -1, -1, -1, -1, -1, -1, -1, -1, -1, -1, -1, -1, -1, -1, -1, -1]
halloc
7
7{1, 2, 5, 9, 10, 18, 21}
7[1, 10, 21, 18, 9, 2, 5, -1, -1, -1, -1, -1, -1, -1, -1, -1, -1, -1, -1, -1, -1, -1, -1, -1, -1]
halloc
8
8{1, 2, 5, 9, 10, 16, 18, 21}
8[1, 10, 21, 18, 9, 2, 5, 16, -1, -1, -1, -1, -1, -1, -1, -1, -1, -1, -1, -1, -1, -1, -1, -1, -1]
halloc
9
9{1, 2, 5, 9, 10, 16, 18, 21, 23}
9[1, 10, 21, 18, 9, 2, 5, 16, 23, -1, -1, -1, -1, -1, -1, -1, -1, -1, -1, -1, -1, -1, -1, -1, -1]
halloc
10
10{1, 2, 5, 9, 10, 12, 16, 18, 21, 23}
10[1, 10, 21, 18, 9, 2, 5, 16, 23, 12, -1, -1, -1, -1, -1, -1, -1, -1, -1, -1, -1, -1, -1, -1, -1]
halloc
11
11{1, 2, 5, 9, 10, 12, 15, 16, 18, 21, 23}
11[1, 10, 21, 18, 9, 2, 5, 16, 23, 12, 15, -1, -1, -1, -1, -1, -1, -1, -1, -1, -1, -1, -1, -1, -1]
halloc
12
12{1, 2, 5, 9, 10, 12, 15, 16, 18, 21, 22, 23}
12[1, 10, 21, 18, 9, 2, 5, 16, 23, 12, 15, 22, -1, -1, -1, -1, -1, -1, -1, -1, -1, -1, -1, -1, -1]
halloc
13
13{1, 2, 5, 9, 10, 12, 15, 16, 18, 19, 21, 22, 23}
13[1, 10, 21, 18, 9, 2, 5, 16, 23, 12, 15, 22, 19, -1, -1, -1, -1, -1, -1, -1, -1, -1, -1, -1, -1]
halloc
14
14{1, 2, 5, 8, 9, 10, 12, 15, 16, 18, 19, 21, 22, 23}
14[1, 10, 21, 18, 9, 2, 5, 16, 23, 12, 15, 22, 19, 8, -1, -1, -1, -1, -1, -1, -1, -1, -1, -1, -1]
halloc
15
15{1, 2, 5, 8, 9, 10, 11, 12, 15, 16, 18, 19, 21, 22, 23}
15[1, 10, 21, 18, 9, 2, 5, 16, 23, 12, 15, 22, 19, 8, 11, -1, -1, -1, -1, -1, -1, -1, -1, -1, -1]
halloc
16
16{0, 1, 2, 5, 8, 9, 10, 11, 12, 15, 16, 18, 19, 21, 22, 23}
16[1, 10, 21, 18, 9, 2, 5, 16, 23, 12, 15, 22, 19, 8, 11, 0, -1, -1, -1, -1, -1, -1, -1, -1, -1]
halloc
17
17{0, 1, 2, 5, 7, 8, 9, 10, 11, 12, 15, 16, 18, 19, 21, 22, 23}
17[1, 10, 21, 18, 9, 2, 5, 16, 23, 12, 15, 22, 19, 8, 11, 0, 7, -1, -1, -1, -1, -1, -1, -1, -1]
halloc
18
18{0, 1, 2, 4, 5, 7, 8, 9, 10, 11, 12, 15, 16, 18, 19, 21, 22, 23}
18[1, 10, 21, 18, 9, 2, 5, 16, 23, 12, 15, 22, 19, 8, 11, 0, 7, 4, -1, -1, -1, -1, -1, -1, -1]
halloc
19
19{0, 1, 2, 4, 5, 7, 8, 9, 10, 11, 12, 13, 15, 16, 18, 19, 21, 22, 23}
19[1, 10, 21, 18, 9, 2, 5, 16, 23, 12, 15, 22, 19, 8, 11, 0, 7, 4, 13, -1, -1, -1, -1, -1, -1]
halloc
20
20{0, 1, 2, 4, 5, 7, 8, 9, 10, 11, 12, 13, 15, 16, 18, 19, 21, 22, 23, 24}
20[1, 10, 21, 18, 9, 2, 5, 16, 23, 12, 15, 22, 19, 8, 11, 0, 7, 4, 13, 24, -1, -1, -1, -1, -1]
halloc
21
21{0, 1, 2, 4, 5, 7, 8, 9, 10, 11, 12, 13, 15, 16, 17, 18, 19, 21, 22, 23, 24}
21[1, 10, 21, 18, 9, 2, 5, 16, 23, 12, 15, 22, 19, 8, 11, 0, 7, 4, 13, 24, 17, -1, -1, -1, -1]
halloc
[1, 10, 21, 18, 9, 2, 5, 16, 23, 12, 15, 22, 19, 8, 11, 0, 7, 4, 13, 24, 17, 20, -1, -1, -1]
{0, 1, 2, 4, 5, 7, 8, 9, 10, 11, 12, 13, 15, 16, 17, 18, 19, 20, 21, 22, 23, 24}
removing: 20 21
[1, 10, 21, 18, 9, 2, 5, 16, 23, 12, 15, 22, 19, 8, 11, 0, 7, 4, 13, 24, 17, -1, -1, -1, -1]
{0, 1, 2, 4, 5, 7, 8, 9, 10, 11, 12, 13, 15, 16, 17, 18, 19, 21, 22, 23, 24}
20{0, 1, 2, 4, 5, 7, 8, 9, 10, 11, 12, 13, 15, 16, 17, 18, 19, 21, 22, 23, 24}
20[1, 10, 21, 18, 9, 2, 5, 16, 23, 12, 15, 22, 19, 8, 11, 0, 7, 4, 13, 24, 17, -1, -1, -1, -1]
empty!
[1, 10, 21, 18, 9, 2, 5, 16, 23, 12, 15, 22, 19, 8, 11, 0, 7, 4, 13, 24, 17, -1, -1, -1, -1]
{0, 1, 2, 4, 5, 7, 8, 9, 10, 11, 12, 13, 15, 16, 17, 18, 19, 21, 22, 23, 24}
removing: 17
[1, 10, 21, 18, 9, 2, 5, 16, 23, 12, 15, 22, 19, 8, 11, 0, 7, 4, 13, 24, -1, -1, -1, -1, -1]
{0, 1, 2, 4, 5, 7, 8, 9, 10, 11, 12, 13, 15, 16, 18, 19, 21, 22, 23, 24}
19{0, 1, 2, 4, 5, 7, 8, 9, 10, 11, 12, 13, 15, 16, 18, 19, 21, 22, 23, 24}
19[1, 10, 21, 18, 9, 2, 5, 16, 23, 12, 15, 22, 19, 8, 11, 0, 7, 4, 13, 24, -1, -1, -1, -1, -1]
halloc
20
20{0, 1, 2, 4, 5, 6, 7, 8, 9, 10, 11, 12, 13, 15, 16, 18, 19, 21, 22, 23, 24}
20[1, 10, 21, 18, 9, 2, 5, 16, 23, 12, 15, 22, 19, 8, 11, 0, 7, 4, 13, 6, -1, -1, -1, -1, -1]
halloc
21
21{0, 1, 2, 3, 4, 5, 6, 7, 8, 9, 10, 11, 12, 13, 15, 16, 18, 19, 21, 22, 23, 24}
21[1, 10, 21, 18, 9, 2, 5, 16, 23, 12, 15, 22, 19, 8, 11, 0, 7, 4, 13, 6, 3, -1, -1, -1, -1]
halloc
22
22{0, 1, 2, 3, 4, 5, 6, 7, 8, 9, 10, 11, 12, 13, 14, 15, 16, 18, 19, 21, 22, 23, 24}
22[1, 10, 21, 18, 9, 2, 5, 16, 23, 12, 15, 22, 19, 8, 11, 0, 7, 4, 13, 6, 3, 14, -1, -1, -1]
halloc
23
23{0, 1, 2, 3, 4, 5, 6, 7, 8, 9, 10, 11, 12, 13, 14, 15, 16, 18, 19, 17, 21, 22, 23, 24}
23[1, 10, 21, 18, 9, 2, 5, 16, 23, 12, 15, 22, 19, 8, 11, 0, 7, 4, 13, 6, 3, 14, 17, -1, -1]
halloc
output:[1, 10, 21, 18, 9, 2, 5, 16, 23, 12, 15, 22, 19, 8, 11, 0, 7, 4, 13, 6, 3, 14, 17, 20, -1]
set: {0, 1, 2, 3, 4, 5, 6, 7, 8, 9, 10, 11, 12, 13, 14, 15, 16, 18, 19, 17, 21, 22, 23, 24, 20}
